image_width: 1280
image_height: 720
camera_name: narrow_stereo
camera_matrix:
  rows: 3
  cols: 3
  data: [582.163858, 0.000000, 666.220192, 0.000000, 580.887639, 369.628243, 0.000000, 0.000000, 1.000000]
distortion_model: plumb_bob
distortion_coefficients:
  rows: 1
  cols: 5
  data: [-0.251107, 0.067411, 0.000334, 0.000236, 0.000000]
rectification_matrix:
  rows: 3
  cols: 3
  data: [1.000000, 0.000000, 0.000000, 0.000000, 1.000000, 0.000000, 0.000000, 0.000000, 1.000000]
projection_matrix:
  rows: 3
  cols: 4
  data: [461.009766, 0.000000, 662.354102, 0.000000, 0.000000, 518.687866, 371.860033, 0.000000, 0.000000, 0.000000, 1.000000, 0.000000]
